name: scikit-env
channels:
  - conda-forge
  - defaults
dependencies:
  - certifi=2018.11.29=py36_1000
  - mkl_fft=1.0.10=py36hfa6e2cd_1
  - mkl_random=1.0.2=py36h830ac7b_2
  - pandas=0.24.1=py36h6538335_0
  - pip=19.0.3=py36_0
  - python=3.6.7=he025d50_1002
  - python-dateutil=2.8.0=py_0
  - pytz=2018.9=py_0
  - setuptools=40.8.0=py36_0
  - six=1.12.0=py36_1000
  - vs2008_runtime=9.0.30729.6161=0
  - wheel=0.33.1=py36_0
  - wincertstore=0.2=py36_1002
  - blas=1.0=mkl
  - icc_rt=2019.0.0=h0cc432a_1
  - intel-openmp=2019.1=144
  - mkl=2019.1=144
  - numpy=1.15.4=py36h19fb1c0_0
  - numpy-base=1.15.4=py36hc3f5095_0
  - scikit-learn=0.20.2=py36h343c172_0
  - scipy=1.2.1=py36h29ff71c_0
  - vc=14.1=h0510ff6_4
  - vs2015_runtime=14.15.26706=h3a45250_0

